#	NO WINTER = {
#		# AHN'QIRAJ / Ahn'qiraj
#		1159 1160 2956 2965 2966 2967 2968 2969 2971 2972 2973 
#		# AHN'QIRAJ / Silithus
#		2957 2958 2959 2960 2961 2962 2963 2964 2970 
#		# AMANI / Hinterlands
#		255 256 257 258 259 260 261 262 263 264 265 266 267 268 
#		# AMANI / Zul'aman
#		254 357 358 359 360 361 362 363 364 365 366 689 690 691 692 693 
#		# ARATHOR EMPIRE / Alterac
#		243 244 245 246 247 248 249 645 646 
#		# ARATHOR EMPIRE / Dalaran
#		250 251 
#		# ARATHOR EMPIRE / Gilneas
#		252 253 270 272 273 274 275 277 278 285 286 287 288 289 290 291 292 293 294 295 296 297 298 299 300 301 302 303 
#		# ARATHOR EMPIRE / Hillsbrad
#		232 233 234 235 236 237 238 239 240 241 242 
#		# ARATHOR EMPIRE / Stromgarde
#		216 217 218 219 220 221 222 223 224 225 226 227 228 229 231 
#		# AZEROTH / Black Morass
#		46 47 49 67 68 69 70 71 72 73 74 75 76 77 78 79 80 81 82 83 84 85 86 87 88 89 90 92 93 
#		# AZEROTH / Stormwind
#		1 6 7 8 9 10 11 12 13 14 15 16 17 18 19 20 21 22 23 24 25 27 28 29 30 31 32 33 34 35 36 37 38 39 40 41 42 43 44 45 951 952 
#		# Azuremyst
#		3320 3321 3322 3323 3324 3325 3326 3327 3328 3329 3330 3331 3332 3333 
#		# DRAKKARI / Drak'tharon
#		766 767 768 769 770 771 772 773 774 775 
#		# DRAKKARI / Frostmane
#		142 143 151 152 153 944 945 946 947 
#		# DRAKKARI / Zul'drak
#		754 755 756 757 758 759 760 761 762 763 764 765 
#		# ELDRE'THALAS / Desolace
#		3023 3024 3025 3026 3027 3028 3029 3030 3031 3032 3033 3034 3035 3036 3037 3038 3039 3040 3041 3042 
#		# ELDRE'THALAS / Feralas
#		2974 2975 2976 2977 2978 2979 2980 2981 2982 2983 2984 2985 2986 2987 2988 2989 2990 2991 2992 2993 2994 2995 2996 2997 2998 2999 3000 3001 
#		# ELDRE'THALAS / Thousand Needles
#		3002 3003 3004 3005 3006 3007 3008 3009 3010 3011 3012 3013 3014 3015 3016 3017 3018 3019 3020 3021 3022 
#		# GREAT BARRENS / Barrens
#		3060 3061 3062 3063 3064 3065 3066 3067 3068 3069 3070 3071 3072 3073 3074 3075 3076 3077 3078 3079 3080 3081 3082 3083 3084 3085 3086 3087 3088 3089 3090 3091 3092 3093 
#		# GREAT BARRENS / Durotan
#		3043 3044 3045 3046 3047 3048 3049 3050 3051 3052 3053 3054 3055 3056 3057 3058 3059 
#		# GREAT BARRENS / Dustwallow
#		3140 3141 3142 3143 3144 3145 3146 3147 3148 3149 3150 3151 3152 3153 3154 3155 3157 3158 3159 3160 3161 3178 
#		# GREAT BARRENS / Mulgore
#		3094 3095 3096 3097 3098 3099 3100 3101 3102 3103 3104 3105 3106 3107 3108 3109 3110 3111 3112 3113 
#		# GREAT BARRENS / Stonetalon
#		3114 3115 3116 3117 3118 3119 3120 3121 3122 3123 3124 3125 3126 3127 3128 3129 3130 3131 3132 3133 3134 3135 3136 3137 3138 3139 
#		# GURUBASHI / Booty Bay
#		91 94 95 96 97 98 99 100 101 
#		# GURUBASHI / Gurubashi
#		50 51 52 53 54 55 56 57 58 59 60 61 62 63 64 65 66 230 559 
#		# Icecrown
#		695 
#		# Isle of Conquest
#		938 939 940 941 942 
#		# KALDOREI / Ashenvale
#		3162 3163 3164 3165 3166 3167 3168 3169 3170 3171 3172 3173 3174 3175 3176 3177 3179 3180 3181 3182 3183 3184 3185 3186 3187 3188 3189 3190 3191 3192 3193 3194 3195 3196 3197 
#		# KALDOREI / Azshara
#		3198 3199 3200 3201 3202 3203 3204 3205 3206 3207 3208 3209 3210 3211 3212 3213 3214 3215 3216 3217 3218 3219 3220 3221 3222 3223 3224 3225 
#		# KALDOREI / Darkshore
#		3226 3227 3228 3229 3230 3231 3232 3233 3234 3235 3236 3237 3238 3239 3240 3241 3242 3315 3316 3317 3318 3319 
#		# KALDOREI / Hyjal
#		3264 3265 3266 3267 3268 3269 3270 3271 3272 3273 3274 3275 3276 3277 3278 3279 3280 3281 3282 3283 3284 3285 3286 3287 3288 3289 3310 3311 3312 3313 3314 
#		# KALDOREI / Moonglade
#		3259 3260 3261 3262 3263 
#		# KALDOREI / Morlos'aran
#		3243 3244 3245 3246 3247 3248 3249 3250 3251 3252 3253 3254 3255 3256 3257 3258 
#		# KALDOREI / Winterspring
#		3290 3291 3292 3293 3294 3295 3296 3297 3298 3299 3300 3301 3302 3303 3304 3305 3306 3307 3308 3309 
#		# KEZAN / Kezan
#		560 561 562 563 564 565 566 567 568 569 570 954 955 
#		# KEZAN / Tel Abim
#		571 572 573 574 575 576 3642 
#		# KHAZ MODAN / Blackrock
#		103 104 105 106 107 108 109 110 111 112 113 114 115 116 117 118 119 120 121 122 123 124 125 126 127 128 129 130 131 953 1154 
#		# KHAZ MODAN / Gnomeregan
#		146 147 148 149 150 948 950 
#		# KHAZ MODAN / Ironforge
#		102 132 133 134 135 136 137 138 139 140 141 144 145 154 155 156 157 158 159 160 161 162 163 164 165 
#		# KHAZ MODAN / Vermillion
#		169 170 171 
#		# KHAZ MODAN / Wetlands
#		198 199 200 201 202 203 204 205 206 207 208 209 210 211 212 213 214 215 
#		# KHAZ MODAN / Wildhammer
#		166 167 168 172 173 174 175 176 177 178 179 180 181 182 183 184 185 186 187 188 189 190 191 192 193 194 195 196 197 
#		# KUL TIRAS / Kul Tiras
#		3526 3527 3528 3529 3530 3531 3532 3533 3534 3535 3536 3537 3538 3539 3540 3541 3542 3543 3544 3545 3546 3547 3548 3549 3550 3551 3552 3553 
#		# KUL TIRAS / Mechagon
#		1155 1157 1158 
#		# KUL TIRAS / Plunder Isle
#		3563 3564 3565 3566 3567 3568 3569 3570 3571 3572 3573 3574 3575 
#		# KUL TIRAS / Tol Barad
#		3554 3555 3556 3557 3558 3559 3560 3561 3562 
#		# LORDAERON / Lordaeron
#		269 271 279 280 281 282 283 284 304 305 306 307 308 309 310 311 312 313 315 316 317 318 319 320 321 322 323 648 949 
#		# LORDAERON / Stratholme
#		324 325 326 327 328 329 330 331 332 333 334 336 337 338 339 340 341 342 343 
#		# NO KINGDOM
#		400 401 402 403 404 405 406 407 408 409 410 411 412 413 414 415 416 417 418 419 420 421 422 423 424 425 426 427 428 429 430 431 432 433 434 435 436 437 439 440 441 442 443 444 445 446 447 448 449 450 451 452 453 454 455 456 457 458 459 460 461 462 463 465 466 467 468 469 470 471 472 474 475 476 477 479 481 482 483 484 485 486 487 488 489 490 491 492 493 494 495 496 497 498 500 501 503 504 505 510 511 513 514 515 516 517 518 519 520 521 522 523 524 525 528 529 530 531 532 533 577 578 579 580 581 583 584 585 586 587 588 589 591 592 593 594 595 596 597 598 599 600 601 602 603 605 606 607 608 609 610 611 612 613 614 616 617 618 619 620 621 622 623 624 625 626 627 628 629 630 631 632 633 634 635 636 637 638 639 640 641 642 643 647 653 654 655 656 657 658 659 660 661 662 663 664 665 666 667 668 669 671 672 673 674 675 676 677 678 679 680 681 682 683 684 685 694 723 724 725 726 727 728 751 752 753 776 807 808 809 810 811 812 813 814 815 816 829 831 850 851 852 853 854 855 856 857 858 864 931 932 943 956 957 958 959 960 961 962 963 964 965 966 967 968 969 970 971 972 973 974 975 976 977 978 979 980 981 982 983 984 985 986 987 988 989 990 991 992 993 994 995 996 997 998 999 1000 1001 1002 1003 1004 1005 1006 1007 1008 1009 1010 1011 1012 1013 1014 1015 1016 1017 1018 1019 1020 1021 1022 1023 1024 1025 1026 1027 1028 1029 1030 1031 1032 1033 1034 1035 1036 1037 1038 1039 1040 1041 1042 1043 1044 1045 1046 1047 1048 1049 1050 1051 1052 1053 1054 1055 1056 1057 1058 1059 1060 1061 1062 1063 1064 1065 1066 1067 1068 1069 1070 1071 1072 1073 1074 1075 1076 1077 1078 1079 1080 1081 1082 1083 1084 1085 1086 1087 1088 1089 1090 1091 1092 1093 1094 1095 1096 1097 1098 1099 1100 1101 1102 1103 1104 1105 1106 1107 1108 1109 1110 1111 1112 1113 1114 1115 1116 1117 1118 1119 1120 1121 1122 1123 1124 1125 1126 1127 1128 1129 1130 1131 1132 1133 1134 1135 1136 1137 1141 1143 1144 1151 1152 1153 2801 2802 2803 2804 2805 2806 2807 2808 2809 2810 2811 2812 2813 2814 2816 2817 2818 2820 2821 2822 2823 2824 2825 2826 2827 2828 2829 2830 2831 2832 2833 2834 2835 2836 2837 2838 2839 2840 2841 2842 2843 2844 2845 2846 2847 2848 2849 2850 2851 2852 2853 2854 2855 2856 2857 2858 2859 2860 2861 2862 2863 2864 2865 2866 2867 2869 2870 2872 2873 2874 2876 2877 2878 2879 2880 2883 2885 2887 2888 2889 2890 2891 2892 2893 2894 2895 2896 2897 2898 2899 3336 3339 3340 3344 3345 3346 3347 3348 3349 3350 3351 3352 3353 3354 3355 3356 3357 3358 3359 3360 3361 3362 3363 3364 3365 3366 3367 3368 3369 3370 3371 3372 3373 3374 3375 3376 3377 3378 3379 3380 3381 3382 3383 3384 3385 3386 3387 3388 3389 3390 3391 3392 3393 3394 3395 3396 3397 3398 3399 3400 3401 3402 3403 3404 3405 3406 3407 3408 3409 3410 3411 3412 3413 3414 3415 3416 3417 3418 3419 3420 3421 3422 3423 3424 3425 3426 3427 3428 3429 3430 3431 3432 3433 3434 3435 3436 3437 3438 3439 3440 3441 3442 3443 3444 3445 3446 3447 3448 3449 3450 3451 3452 3453 3454 3455 3456 3457 3458 3459 3460 3461 3462 3463 3464 3465 3466 3467 3468 3469 3470 3471 3472 3473 3474 3475 3476 3477 3478 3479 3480 3481 3484 3485 3486 3487 3488 3489 3490 3491 3492 3494 3495 3496 3497 3498 3499 3500 3501 3502 3503 3504 3505 3506 3507 3508 3509 3510 3511 3512 3513 3514 3515 3517 3518 3519 3520 3521 3523 3524 3525 3593 3629 3630 3631 3632 3633 3634 3635 3636 3637 3638 3639 3640 3641 
#		# QUEL'THALAS / Quel'thalas
#		344 367 368 369 370 371 372 373 374 375 376 377 378 379 380 381 394 395 396 397 398 399 
#		# QUEL'THALAS / Tranquillien
#		345 346 347 348 349 350 351 352 353 354 355 356 
#		# STORM PEAKS / Crystalsong Forest
#		927 928 929 930 
#		# STORM PEAKS / Dun Niffelem
#		866 867 868 878 879 880 881 882 883 884 885 886 887 
#		# STORM PEAKS / Icecrown
#		907 908 909 910 911 912 913 914 915 916 917 918 919 920 921 922 923 924 925 926 
#		# STORM PEAKS / Storm Peaks
#		869 870 871 872 873 874 875 876 877 
#		# Sholazar Basin
#		888 889 890 891 892 893 894 895 896 897 898 899 900 901 902 903 904 905 906 
#		# TAUNKA WASTELANDS / Borean Tundra
#		818 819 820 821 822 823 824 825 826 827 828 830 832 833 834 835 836 837 838 839 840 841 842 843 844 845 846 847 848 849 
#		# TAUNKA WASTELANDS / Dragonblight
#		777 778 779 780 781 782 783 784 785 786 787 788 789 790 791 792 793 794 795 796 797 798 799 800 801 802 803 804 805 806 817 1161 1162 1163 1164 1165 
#		# ULDUM / Neferset
#		2902 2903 2904 2924 2925 2926 2927 2928 2929 2930 2931 
#		# ULDUM / Orsis
#		2916 2917 2918 2919 2920 2921 2922 2923 
#		# ULDUM / Ramkahen
#		2905 2906 2907 2908 2909 2911 2912 2913 2914 2915 
#		# UTGARDE / Grizzly Hills
#		729 730 731 732 733 734 735 736 737 738 739 740 741 742 743 744 745 746 747 748 749 750 
#		# UTGARDE / Howling Fjord
#		696 697 698 699 700 701 702 703 704 705 706 707 708 709 710 711 712 713 714 715 716 717 718 719 720 721 722 
#		# ZANDALARI / South Islands
#		3619 3620 3621 3622 3623 3624 3625 3626 3627 3628 
#		# ZANDALARI / Vol'dun
#		3604 3605 3606 3607 3608 3609 3610 3611 3612 3613 3614 3615 3616 3617 3618 
#		# ZANDALARI / Zandalar
#		3576 3577 3578 3579 3580 3581 3582 3583 3584 3585 3586 3587 3588 3589 3590 3591 3592 3594 3595 3596 3597 3598 3599 3600 3601 3602 3603 
#		# ZUL'FARRAK / Tanaris
#		2935 2936 2937 2938 2939 2944 2948 2949 2950 2955 
#		# ZUL'FARRAK / Zul'farrak
#		2934 2940 2941 2942 2943 2945 2946 2947 2951 2952 2953 2954 
#	}
